muav(1)=0.0000;
musv(1)=0.0000;
musv(1)=1.0000;

muav(2)=1.6000;
musv(2)=223.0000;
musv(2)=0.9000;

muav(3)=0.0900;
musv(3)=121.0000;
musv(3)=0.9000;

muav(4)=0.5000;
musv(4)=280.0000;
musv(4)=0.9000;

muav(5)=1.4000;
musv(5)=88.0000;
musv(5)=0.9600;

muav(6)=4.8700;
musv(6)=509.0000;
musv(6)=0.9950;

muav(7)=2.6500;
musv(7)=1413.0000;
musv(7)=0.9900;

muav(8)=0.5200;
musv(8)=73.5600;
musv(8)=0.9300;

muav(9)=1.0000;
musv(9)=100.0000;
musv(9)=0.9000;

